0 1.05426
50 1.05424466520099
100 0.976738929490078
150 1.0465381388772816
200 0.879117871995708
250 0.8477220543882501
300 0.7535276426500079
350 0.8712830522814655
400 0.7221538361349349
450 0.5494658464294104
500 0.5102318952510851
550 0.48669454167711795
600 0.5965986517777929
650 0.5965854112274686
700 0.8163875398114184
750 0.8791694339055003
800 0.7221638947573605
850 1.240234923696563
900 1.5070959766284016
950 1.6326852215471832
1000 1.4442986600573975
1050 1.1303108065130323
1100 0.9105194071196205
1150 1.6326678680470454
1200 1.8053544612927082
1250 2.825866981655372
1300 2.9670772352109767
1350 2.1664542315126827
1400 2.134992567903265
1450 1.6640156808394735
1500 2.7628117242035666
1550 2.794152302120114
1600 3.861595981391901
1650 3.437742310342697
1700 4.39546038481711
1750 2.9668595667166833
1800 2.5429985898439784
1850 1.977976937359248
1900 1.577682798739096
1950 1.0360860335522584
2000 0.9889797264786572
2050 1.20091167064687
2100 1.0125131795255622
2150 1.2950525635249703
2200 1.271564719988028
2250 0.9889977309296539
2300 0.9654543121399272
2350 0.800610109601141
2400 1.200915877695335
2450 1.0360728102253736
2500 0.9418764896075686
2550 1.0360209644361655
2600 0.8240860780030205
2650 0.7534792915844265
2700 0.7064124520300229
2750 0.5769181812242752
2800 0.6828759347577269
2850 0.49448833994562635
2900 0.7534924355555771
2950 0.6357534997569438
3000 0.6357429315280607
3050 0.6828386703160769
3100 0.5768816800901474
3150 0.6593073056053304
3200 1.0007394839623929
3250 1.1537963457714469
3300 1.1067017572548477
3350 1.059563446591283
3400 1.0595392641105184
3450 1.0595397845592538
3500 0.9888728262519701
3550 1.0830486446351388
3600 0.9181939525575045
3650 1.200731673406652
3700 0.9417562720822917
3750 1.012378762126153
3800 0.9770656352609131
3850 1.0076607127051287
3900 1.031622469599273
3950 1.0315883862925086
4000 1.3194825189199084
4050 1.2715099592612622
4100 1.3477732680511647
4150 1.5192816158180553
4200 1.568263035489378
4250 1.8133226552284132
4300 1.8010711499098824
4350 1.6182978885418127
4400 2.3082391246270078
4450 1.6433577744310175
4500 1.957000504060273
4550 2.2078605734253527
4600 2.711112941136567
4650 2.3273930776635043
4700 2.608689381317775
4750 5.626512081560318
4800 4.1687561642168705
4850 7.707894480882411
4900 6.715026609951955
4950 8.726878221435124
5000 7.838456333397187
5050 8.361215720790948
5100 8.353065414104368
5150 9.531210806985383
5200 12.502939291856517
5250 17.13462086123417
5300 17.77731141371595
5350 17.557447288119185
5400 21.052274636298723
5450 20.240008907492502
5500 16.581917919853897
5550 19.50781448837326
5600 16.597918282296014
