0 1.04183
50 0.9390257714440422
100 0.9087641735445156
150 0.9398548673679417
200 1.0543563511456941
250 0.9148024492335673
300 0.9146081460553445
350 0.8694350531752048
400 0.9525727743956605
450 1.1896729855270072
500 1.0603933290097673
550 1.2306787786305349
600 1.2358066525144409
650 1.228075061974708
700 1.323824264794353
750 1.2495213421386366
800 1.4548864503784835
850 1.4206861192882387
900 1.438685690607816
950 1.3141138814212978
1000 1.2534469636320587
1050 1.1444899422937835
1100 1.1838579610395343
1150 1.3259410359695913
1200 1.2899261926815575
1250 1.2535908299361531
1300 1.2990924132479122
1350 1.2872462597371475
1400 1.2872726206752265
1450 1.2495955107604615
1500 1.4316528198620395
1550 1.4047356303249618
1600 1.677706385647112
1650 1.6185772064711432
1700 1.6352804279081143
1750 1.4512156715935196
1800 1.527362369794467
1850 1.6252934650939745
1900 1.493652293122346
1950 1.5627517667259072
2000 1.7351050182357526
2050 1.759251032367615
2100 2.116906824388688
2150 2.243618593080294
2200 2.3058297976239763
2250 2.0704428560125603
2300 2.0788206067491277
2350 2.127380903176945
2400 2.237313308309997
2450 2.2938906573877627
2500 2.335095405213813
2550 2.0881678311273144
2600 2.3382459116072787
2650 2.22572285934966
2700 2.106481479370076
2750 2.0698937679883573
2800 1.9939473747377137
2850 1.7560348366784944
2900 2.0279396165163597
2950 1.9997150803334365
3000 1.9698002553675835
3050 1.6585900867427024
3100 1.8484332409132904
3150 2.3317385511316986
3200 2.3469730432156672
3250 2.5973597095940946
3300 2.2660803228330053
3350 2.309343784387713
3400 2.6524079247226107
3450 2.734369441603873
3500 2.5981834759235065
3550 2.8124576906963306
3600 2.8765153024664363
3650 3.150886952791049
3700 3.1859387466524027
3750 3.4052861083176995
3800 3.31730638368051
3850 3.228887728669629
3900 3.02652946168017
3950 3.45346409585609
4000 3.880606218452358
4050 3.948246502685549
4100 3.781177807890061
4150 4.0689959978756844
4200 4.677492906164973
4250 4.883295347101372
4300 5.565647586397661
4350 5.1751091328534375
4400 5.905204859112408
4450 5.271871879262379
4500 6.872126355212386
4550 7.6494455198849565
4600 7.338149281659884
4650 7.314683637670068
4700 7.181712863736477
4750 8.91489707085531
4800 8.00948637234824
4850 7.877572795052453
4900 7.246270310455055
4950 8.21892701173826
5000 8.23117801575013
5050 8.499340072550448
5100 10.496116668004465
5150 10.743685115001446
5200 10.415302663655508
5250 11.580183727014893
5300 11.701598957715126
5350 13.207958065956158
5400 14.212903042013886
5450 13.26110107849449
5500 12.998511925330018
5550 14.444606071549835
5600 15.771721364730842
