0 1.01983
50 1.180223147912823
100 1.322775238447597
150 1.4152653753066071
200 1.407988492374671
250 1.4251459983673376
300 1.4604586841930074
350 1.5088328568392613
400 1.7148156770093228
450 1.7651270599066156
500 1.7117866798651709
550 1.797332140105121
600 1.9600251980243941
650 2.147330109688851
700 2.008662772370458
750 1.9209625626956837
800 2.007177839787435
850 2.028376074784432
900 2.005010632472753
950 1.7697191272075823
1000 1.666330717823938
1050 1.5184018196830125
1100 1.3988563450533704
1150 1.3678188114700607
1200 1.303406160701979
1250 1.3738914639695852
1300 1.4096061092218777
1350 1.3847602731007098
1400 1.3952751147911036
1450 1.4301801267979388
1500 1.4671146486005486
1550 1.5511825912336947
1600 1.5834367040128705
1650 1.4735357445462225
1700 1.3846785290393917
1750 1.1935186802424111
1800 1.0964911361274567
1850 1.0006384353320397
1900 0.9802835696861947
1950 1.0744811548274977
2000 1.1948397548180982
2050 1.1882573499616
2100 1.3212404135988691
2150 1.4314402867639477
2200 1.5554837680457536
2250 1.4752918764510103
2300 1.6085986280173077
2350 1.490479518829361
2400 1.6986468503163286
2450 1.7708432668125005
2500 1.7710979944748992
2550 1.8932401063368942
2600 1.9136858331571418
2650 1.9314957788211722
2700 1.841891896991657
2750 1.8831538062468458
2800 1.9293255688788233
2850 1.7178599231013763
2900 1.785929020845611
2950 1.9309336282303076
3000 1.8188979822822584
3050 1.374069814682233
3100 1.0883973965016454
3150 1.1357260199845898
3200 1.4414712074784959
3250 1.5212123836577056
3300 1.4382358458045037
3350 1.5764569821568535
3400 1.929133351790262
3450 1.8243701698254702
3500 1.7692324690242027
3550 1.6581524779362247
3600 1.5635471286547353
3650 1.6750148321008895
3700 1.6562677977231717
3750 1.5247571409988234
3800 1.4808721341848798
3850 1.5842625838250508
3900 1.4286372520607864
3950 1.3989161962576533
4000 1.5778791588432919
4050 1.7314615025473696
4100 1.6642108351365363
4150 1.962190944243906
4200 2.0523686523827154
4250 1.8684447913193105
4300 1.8937231515380997
4350 1.7120398319071781
4400 1.8283617265626708
4450 1.6613354576326802
4500 1.9505828438065476
4550 2.1714746175492916
4600 1.9302187986186066
4650 2.076682080318049
4700 2.429961923047844
4750 2.734755366642683
4800 2.2416561317833135
4850 2.008641235226391
4900 1.8661615746599125
4950 1.739008149870437
5000 1.7225615897526783
5050 1.6945251984819825
5100 2.109685719587891
5150 2.294628020931075
5200 2.223759272079425
5250 2.756748955674247
5300 2.7282225770941557
5350 3.063147551128005
5400 3.0601636503628993
5450 2.812563036515136
5500 2.807038464328166
5550 2.912154302389695
5600 2.911391100937856
