0 1.02765
50 1.1020757028774157
100 1.0081593943442542
150 1.0626534283288773
200 1.0321882866912635
250 1.1852541790250921
300 1.1883330916281976
350 1.1652578914369196
400 1.4272420683438576
450 1.558327968236467
500 1.3848670174562372
550 1.3238725599166754
600 1.2410391256788662
650 1.2284874689518384
700 1.3765921129577763
750 1.3902238822122175
800 1.470855129611665
850 1.3622353071114373
900 1.6553885255536542
950 1.835061540349758
1000 1.7293149580546585
1050 1.4905440332508935
1100 1.5757105976069543
1150 1.7864705502025087
1200 1.6838013157486857
1250 1.724933389744287
1300 1.7869180281370072
1350 1.4726124037729509
1400 1.467463346490575
1450 1.4435629328680828
1500 1.398267421888164
1550 1.4706548888948794
1600 1.666722848086103
1650 1.536150379560874
1700 1.744225168644211
1750 1.3693442557288267
1800 1.5149002258464639
1850 1.4488532731427648
1900 1.5835133374043564
1950 1.324901635705319
2000 1.0708744288306522
2050 1.1112101165346446
2100 1.2679835846769538
2150 1.4278883918525542
2200 1.4670595605208474
2250 1.2881012218764516
2300 1.137366332044388
2350 0.9519734266574509
2400 1.0754207555180335
2450 1.2381753374922657
2500 1.1671920708175845
2550 1.2602751708175688
2600 1.3405551058550857
2650 1.2463841749300428
2700 1.3668051548005111
2750 1.3960804565711469
2800 1.8214316238354766
2850 1.6486286800758303
2900 1.5669722846073706
2950 1.8319735554634862
3000 1.6197117550331122
3050 1.5650704319767608
3100 1.157901842864032
3150 1.2610933478267612
3200 1.761717529565098
3250 1.8225609614963303
3300 1.7963657777418152
3350 1.398934549410371
3400 1.7864923379258388
3450 1.9651658725561205
3500 2.272526537803512
3550 2.2916273779307494
3600 2.160394378864173
3650 2.1391589130138327
3700 2.38358592514893
3750 2.222634560647968
3800 1.9828876832925748
3850 1.8250016512910454
3900 1.676494874466168
3950 1.6817755118854214
4000 1.836631474913152
4050 1.9648173259467694
4100 1.942073828818113
4150 2.291194064815651
4200 2.410899764795778
4250 2.448630997095408
4300 2.5332191581253545
4350 2.3329281607584504
4400 2.871778638138798
4450 2.757773127735379
4500 2.9158960180671687
4550 3.2902590708912784
4600 3.2330410873794553
4650 3.1365496624216758
4700 3.4263087917400314
4750 3.1386979535685753
4800 2.7864291882079475
4850 2.5172689211671306
4900 2.4915725842370398
4950 2.5417108778792676
5000 2.4549798106853884
5050 2.826459534991185
5100 3.0302576092597935
5150 3.791145909230351
5200 3.534620547166645
5250 4.294438329728121
5300 4.581974179600543
5350 5.0049419564037905
5400 5.325220137219833
5450 4.834653951468253
5500 3.8662571367223033
5550 4.149783943820432
5600 4.120717851908848
