0 1.0
50 0.9529529956265899
100 0.9102218010372979
150 0.965849885157404
200 0.9494069046460372
250 0.8701292500336415
300 0.8323912644116599
350 0.8865551456499904
400 0.8606847633892997
450 0.8588641115325844
500 0.7917063155317964
550 0.8416670813197717
600 0.9383075747437037
650 0.9448871147164274
700 1.1549972103379396
750 1.1771058549217444
800 1.1656728310146427
850 1.5250360352714858
900 1.7236422747745526
950 1.732780774859808
1000 1.6124966936155805
1050 1.3766782438546232
1100 1.2747916293191717
1150 1.8191345400205616
1200 1.9039325093441897
1250 2.3573458444227695
1300 2.478764501089558
1350 2.137046550220941
1400 2.1363508487740033
1450 1.8737113795699438
1500 2.5923665769133772
1550 2.6032851322689967
1600 3.355238988284792
1650 3.1307618688345653
1700 3.5679261805473637
1750 2.798091695300438
1800 2.7026394016390216
1850 2.5138805204999497
1900 2.2011874363622037
1950 1.8700692709415474
2000 1.9660407921574963
2050 2.2225579410323806
2100 2.2766098238028487
2150 2.673522145914222
2200 2.7245049005295923
2250 2.3062359814929265
2300 2.303753220351818
2350 2.1647197493835395
2400 2.7250958985706943
2450 2.5955386167416346
2500 2.5253199363807184
2550 2.5203316121102284
2600 2.4153736145358145
2650 2.2729651531668105
2700 2.1520732729170704
2750 1.9548808243437925
2800 2.0891336291603677
2850 1.6888507430282789
2900 2.2749640708644927
2950 2.1015667690315487
3000 2.0998933408142357
3050 1.9933863637827214
3100 1.96431580669851
3150 2.3771798702472706
3200 2.9476797163793105
3250 3.356538098357233
3300 3.079792574335307
3350 3.055873894460593
3400 3.3042494474984245
3450 3.3814308980937375
3500 3.2093779670068945
3550 3.512846991459385
3600 3.3162903225685065
3650 3.965190190578561
3700 3.5837412167746465
3750 3.851084393017233
3800 3.7480879824724123
3850 3.761835604514108
3900 3.6858108656373165
3950 3.9610209885868377
4000 4.756471378515385
4050 4.7308486506421845
4100 4.794656312246208
4150 5.291505103684184
4200 5.793640008513956
4250 6.372973165882121
4300 6.8382311218734655
4350 6.27591577460593
4400 8.010953955945688
4450 6.453936117376662
4500 8.083434698700513
4550 9.13448903784102
4600 9.929611436574701
4650 9.250865970932445
4700 9.722061506259896
4750 16.03193065829564
4800 13.227971099438262
4850 17.845836753020247
4900 16.19130228899375
4950 19.86371671125547
5000 18.965827621057418
5050 20.08719025098976
5100 22.6019089053799
5150 24.512845766925675
5200 27.611062606861456
5250 34.15666180310236
5300 35.06472204505584
5350 37.25124791287534
5400 42.3223902237157
5450 40.287421558881846
5500 36.46699606223408
5550 41.786420436794586
5600 40.59565657146841
