0 1.0
50 1.061272670458868
100 1.296882335052966
150 1.4716570656890646
200 1.5589864659054455
250 1.5289538911543923
300 1.830967122109218
350 2.1951184207412577
400 2.6859324368826365
450 3.4257427395217097
500 3.9549971252948057
550 3.9670769286722276
600 3.8558764383303736
650 3.9981772347116373
700 3.792687606679982
750 3.4472320327623462
800 3.6310548601105643
850 4.0834761525826035
900 4.364225930420756
950 4.2259154406776025
1000 4.104416687409557
1050 3.4521681088380087
1100 3.6889015311246265
1150 4.152480784703283
1200 4.693262734253295
1250 4.775447508807757
1300 4.673970985871432
1350 4.585608430426527
1400 4.69592456740104
1450 4.73301353750308
1500 5.204702016074743
1550 5.540855435403878
1600 6.012997323366341
1650 5.582452413875008
1700 6.303424190616316
1750 5.346090290517072
1800 5.565061690607984
1850 5.522850084876015
1900 5.734849181620128
1950 5.331156575964707
2000 5.567830906084112
2050 5.6701865419176665
2100 6.070487898382081
2150 6.274899665971426
2200 6.813969504863222
2250 6.306820011736534
2300 6.313725953708812
2350 6.280962269177445
2400 6.653948705080048
2450 7.11029440794278
2500 7.696045375890095
2550 8.042187128833646
2600 9.069201623628151
2650 8.719706357270047
2700 8.606583631616596
2750 8.405322793606748
2800 8.58938634333625
2850 6.759500457748769
2900 6.817204584164728
2950 7.100695356084146
3000 6.631290228355414
3050 5.8224593464000325
3100 5.295346556594819
3150 6.432228253645358
3200 7.7408821695129015
3250 8.792308797640366
3300 8.132364516766767
3350 9.60781573688323
3400 10.822739409439546
3450 11.743867250353007
3500 11.414483701443558
3550 11.283325560635516
3600 11.29191636449656
3650 11.335857192794148
3700 10.834220199574252
3750 10.396296883111779
3800 10.468225216352103
3850 9.913670658093944
3900 8.90047349992718
3950 9.120271146575458
4000 10.017530154436983
4050 11.012023122689227
4100 10.195257986750002
4150 11.21682945382155
4200 11.537845302648972
4250 11.367529336911966
4300 11.861714632043544
4350 11.0362696224467
4400 11.236025458393655
4450 10.77719780372962
4500 12.442765397387372
4550 14.129912356428845
4600 14.135485864505021
4650 13.737861515731757
4700 15.478054516455035
4750 15.43574754523432
4800 14.138153992937454
4850 12.385424760519722
4900 12.605870359224047
4950 12.959975701205368
5000 13.833143741425962
5050 14.208916233071479
5100 17.177892549267522
5150 18.679475048546266
5200 18.377408954963773
5250 18.854223799877953
5300 18.526385298854674
5350 20.200644232056252
5400 20.845976148791983
5450 19.64161766428913
5500 18.457699464468288
5550 21.076395630087497
5600 22.058441380091345
5650 21.987366423979324
