0 1.0
50 1.0482566536899762
100 1.2564748250527962
150 1.4122638724166474
200 1.5004699554918068
250 1.458762651769243
300 1.7178676568666784
350 2.023802504102175
400 2.622545644540433
450 3.345336102683801
500 4.007333482236557
550 3.9257538072289497
600 3.839214274381981
650 3.8411264988994733
700 3.6238872287519164
750 3.475997657448991
800 3.552985866220822
850 3.9959700074497206
900 4.006363282204413
950 3.8260335886679715
1000 3.7544129797673587
1050 3.2195943353697114
1100 3.4858677614175946
1150 4.201679572711586
1200 4.266841076007674
1250 4.219995506515229
1300 4.341655424827933
1350 4.354817253367614
1400 4.538310085554436
1450 4.691836055482048
1500 5.013809467127173
1550 6.534250127934201
1600 6.862917957263293
1650 6.053520658693268
1700 6.91831376769675
1750 5.712299153862568
1800 5.872691671432121
1850 5.175873190530868
1900 4.8309231213963155
1950 4.032768282009863
2000 4.331239908634391
2050 4.7693647657940215
2100 5.524550851436375
2150 5.86075754366751
2200 6.179384799292163
2250 5.970196649225289
2300 5.688096554863299
2350 5.639712320997373
2400 5.927304158629893
2450 5.807776456944716
2500 5.856936223573826
2550 6.561476315913072
2600 7.391742406331476
2650 6.938297965380444
2700 6.944641753857704
2750 6.614871801671816
2800 6.901607016601975
2850 5.9014516766147365
2900 6.648095135908855
2950 6.570236763534769
3000 6.14432706794881
3050 5.677584818751159
3100 6.035253852087004
3150 7.107326002057773
3200 7.456794870243744
3250 8.604308823891165
3300 7.767451078158463
3350 7.783780990350746
3400 8.748253963851955
3450 8.826547008134124
3500 9.898685614132736
3550 9.838483617081678
3600 9.991159497055452
3650 11.026260202194386
3700 10.69208181300657
3750 11.434945596390948
3800 10.738961070340592
3850 10.611763069874709
3900 9.98078415255519
3950 10.216130727664913
4000 10.732319957678602
4050 10.981523905209812
4100 10.770405008324978
4150 11.845154316054263
4200 13.017687978184314
4250 12.97663413561148
4300 14.726148274508311
4350 14.982390366113682
4400 17.947396723058716
4450 18.97982553403651
4500 21.73724320400277
4550 22.133379350669756
4600 25.108743097629052
4650 27.713246241855543
4700 23.07735442876971
4750 21.30461968680922
4800 23.474827058861123
4850 21.156693339085304
4900 19.467427406165335
4950 18.69222931726966
5000 19.903343468133286
5050 17.854986835874744
5100 21.437745003904723
5150 22.91061792330776
5200 21.944654673575354
5250 25.073344353600376
5300 26.881358206270388
5350 27.102974192115614
5400 26.298716158029
5450 28.790048942238204
5500 28.600425975338233
5550 27.374829092028413
5600 28.119574863270866
5650 27.948503389995413
