100 0.011967402706908062 0.011847207499363587 0.01208390518291545
500 0.0038116825744142994 0.0036848071732535435 0.003932614578551154
900 0.0028749534589367232 0.0027565105233569444 0.0029909221299164374
1300 0.002628597040812722 0.0025158495539634052 0.002738540589290218
1700 0.002477473851977334 0.0023685452234050984 0.002582561737712819
2100 0.002413367523094339 0.002307472418607828 0.0025187086699223903
2500 0.002313075563996924 0.002211315780250744 0.0024123563328875266
2900 0.002263632452105502 0.002163643667052391 0.0023607476128885032
3300 0.002262675684282263 0.002162785485177329 0.0023637272298264404
3700 0.002193850558351502 0.002092700890804721 0.0022901977496556838
4100 0.0021246525704185014 0.002027643650595277 0.0022179773703712912
4500 0.002085029173044801 0.0019900861111097757 0.0021768550044339832
4900 0.0020606211227578585 0.0019715982693050134 0.0021489190177576673
5300 0.0020473654786417063 0.0019624913121531274 0.0021306876702967045
