0 1.0
50 1.0406036244942034
100 1.1771521242239613
150 1.3068325031666215
200 1.3783498337544833
250 1.341632513862172
300 1.5098527987898045
350 1.657148115207709
400 2.059783062595976
450 2.520023122703413
500 3.041848484688138
550 2.9602162397374805
600 2.85922679492573
650 2.8531296695303827
700 2.650563378576646
750 2.4939339977923325
800 2.5160487249050902
850 2.86612630193139
900 2.87232686915598
950 2.7134181349996083
1000 2.653551324216646
1050 2.1967357024996517
1100 2.362085772157028
1150 2.6963564690879283
1200 3.1091776934741366
1250 3.1158093230234867
1300 3.198937080018451
1350 3.433666279833323
1400 3.5603588183742323
1450 3.485384658471685
1500 4.013826709766184
1550 4.887795873054814
1600 5.47119833631757
1650 5.048120399054409
1700 5.69012694741427
1750 4.303492018986913
1800 4.484439403028047
1850 3.7389480961792376
1900 3.619074335663898
1950 3.0012814554070677
2000 3.0452755713085344
2050 3.6606968503982755
2100 3.7997391338466717
2150 4.292664666752555
2200 4.537610882570259
2250 4.2239211712300575
2300 3.9020740333231925
2350 3.710974346159414
2400 4.0822925861727715
2450 4.019091492411362
2500 3.9366157436007136
2550 4.174357096216348
2600 4.621243005552643
2650 4.3927133965675695
2700 4.221059850249803
2750 3.9913300967671415
2800 4.188474650338281
2850 3.715742242097479
2900 3.831622596935748
2950 4.503386282183523
3000 4.0820494585766065
3050 3.6680522227851853
3100 4.041110947239576
3150 4.560611187695263
3200 5.390074278063475
3250 6.534634968791985
3300 5.978275079837381
3350 5.791431787939873
3400 6.632091320174626
3450 6.596153451325691
3500 7.178960791140123
3550 7.101532606286861
3600 7.327849298313549
3650 8.302579334836516
3700 8.442705180459232
3750 9.740232976355312
3800 8.926460773316164
3850 8.799788312693643
3900 8.681980616176384
3950 8.705149593144732
4000 9.639622051968107
4050 9.349171796742237
4100 9.254147475122686
4150 10.337873629185502
4200 10.787969010867375
4250 10.812468892222942
4300 12.484278027933874
4350 12.823120273253435
4400 14.50195388073019
4450 14.210178686809828
4500 16.067149192554943
4550 17.537919813420412
4600 19.487095922428963
4650 19.902750044576564
4700 18.324841515106204
4750 18.970679692692567
4800 19.831194025290188
4850 18.89548766464385
4900 17.353416898445598
4950 16.35368876312945
5000 17.959938628328587
5050 16.156101925536788
5100 21.482644107459762
5150 23.724024140726396
5200 24.62795842807604
5250 29.646940395900415
5300 28.38635136257678
5350 28.83626900186343
5400 30.34950851122078
5450 30.254213161897013
5500 30.3747351837194
5550 30.30074489500185
5600 30.37321420775497
5650 28.811069371900334
