0 1.0
50 1.0360032092738292
100 1.173471202708376
150 1.3036716201296674
200 1.372533191824135
250 1.3348976360538782
300 1.507777762907313
350 1.6672588270349582
400 2.0778808861320512
450 2.5439681300977908
500 3.062821325644761
550 2.9869432820611457
600 2.8981592146940387
650 2.8935739752876257
700 2.6838478906606493
750 2.5262520760130687
800 2.5454945471885875
850 2.9097342318485797
900 2.923185167973651
950 2.758938447539142
1000 2.6979512812459316
1050 2.2202424220226993
1100 2.3850747948878697
1150 2.7445652039750015
1200 3.1895814866646433
1250 3.196076207267905
1300 3.2837360037420154
1350 3.5376377900639375
1400 3.670577753180746
1450 3.5887227238934702
1500 4.13595360973841
1550 5.005436989672529
1600 5.608635840826986
1650 5.193722509794342
1700 5.858264944876368
1750 4.4175552020878115
1800 4.611546935745259
1850 3.8521614960359583
1900 3.745273580047947
1950 3.118316787865149
2000 3.1566928996222177
2050 3.8304902822728373
2100 3.9488381389277794
2150 4.484409941332361
2200 4.740481518404965
2250 4.404810622448991
2300 4.055756539311849
2350 3.8560316230097746
2400 4.263113864497819
2450 4.194279954948796
2500 4.11109058481943
2550 4.332761732902775
2600 4.7870896031936105
2650 4.5784376910394355
2700 4.382354459968611
2750 4.11777014604975
2800 4.325220759665779
2850 3.835119468841024
2900 3.970656311975722
2950 4.796893254915
3000 4.33111602198387
3050 3.9011742348385425
3100 4.315667840929378
3150 4.904964625437839
3200 5.8765031259415075
3250 7.155170553578688
3300 6.562725856395139
3350 6.367729810281081
3400 7.33126356068431
3450 7.303510887323359
3500 7.937980571035121
3550 7.871026086905894
3600 8.114904687588835
3650 9.268214069283752
3700 9.429458822692263
3750 10.921674415654559
3800 10.029289796435899
3850 9.900863294229561
3900 9.787681933149052
3950 9.817705496280999
4000 10.874504125888762
4050 10.552634973217668
4100 10.43223731652104
4150 11.673383843859787
4200 12.169653620092996
4250 12.203213076072197
4300 14.119067046451036
4350 14.478278340880458
4400 16.376556137440346
4450 16.00892472082348
4500 18.12124724234346
4550 19.89547527626967
4600 21.993770421615636
4650 22.495433827637754
4700 20.82070156604664
4750 21.706958158335112
4800 22.68177734292842
4850 21.5940474278177
4900 19.89906978167078
4950 18.79094497280514
5000 20.61489844783553
5050 18.604684995373702
5100 24.736384327323265
5150 27.328301969386523
5200 28.474402247185974
5250 34.2282334434103
5300 32.859521608805586
5350 33.452529846393
5400 35.214867955239235
5450 35.164966286613264
5500 35.26889814642536
5550 35.156676330262734
5600 35.23181139358839
5650 33.44259887803188
