0 1.0
50 1.0891942639038392
100 1.2914859161068863
150 1.415248902311231
200 1.5213921553368204
250 1.539185123378102
300 1.6988418260279583
350 1.6696218826284062
400 1.7797037336363841
450 1.8427041604653063
500 1.8623192820325656
550 1.8768228968827403
600 2.0391882346772157
650 2.035309098094869
700 1.9972242586083535
750 1.8968151196724736
800 2.087501965993029
850 2.079417316918129
900 2.2574034948729578
950 2.2742565699158983
1000 2.142028109020785
1050 1.9674349158543976
1100 2.178265385321062
1150 2.2473011051180296
1200 2.565708985804524
1250 2.6692777789352884
1300 2.6361502476581746
1350 2.4501264329395362
1400 2.5266693720621243
1450 2.4843460187189352
1500 2.8127854714150002
1550 3.0085029884684786
1600 3.468171992189318
1650 3.2387276870180335
1700 3.548085171253653
1750 2.979451079886154
1800 3.1632079130887965
1850 3.239938061974641
1900 3.3397003800186895
1950 3.1385217096379447
2000 3.314325657815732
2050 3.3104794553739914
2100 3.4162636099669754
2150 3.6409931133506754
2200 3.965257163110357
2250 3.5751141106326574
2300 3.4856341679424654
2350 3.237613603247554
2400 3.3624359679798457
2450 3.813908290209487
2500 4.132080372172202
2550 4.202473502279815
2600 4.927256488495153
2650 4.632346097497966
2700 4.758736788129572
2750 4.596167290211924
2800 4.935092602156147
2850 3.7001918308787483
2900 3.656537993204969
2950 3.833440410085989
3000 3.430452304189385
3050 3.256688376601352
3100 2.9963295744217304
3150 3.498697916343806
3200 4.269083798077189
3250 4.369755047575871
3300 4.184470807762097
3350 5.291162932820703
3400 6.43428591927153
3450 6.405398025663923
3500 6.840400072768942
3550 6.284672147032556
3600 6.7885890095492325
3650 7.379690390369039
3700 7.4546644228553856
3750 7.752375494481349
3800 7.502395280426841
3850 7.008541601043383
3900 6.92038629425716
3950 7.041599018451168
4000 7.72030549650713
4050 8.30217196660816
4100 7.613320626572176
4150 8.302791581723888
4200 8.666923766381505
4250 8.833675208746916
4300 8.643188663536499
4350 7.941938530792062
4400 8.261785645231257
4450 7.727881073462633
4500 8.691930848231603
4550 10.164836976783185
4600 9.799144823182143
4650 10.048586999985963
4700 12.044883442112758
4750 12.766536327997981
4800 11.689560627174323
4850 10.123057252030353
4900 10.657137469367171
4950 10.816029679563425
5000 11.533414548691637
5050 11.624941986025464
5100 14.730870464351023
5150 16.399842128569283
5200 15.801230952421939
5250 17.86259915426195
5300 17.921939452054065
5350 19.89070265146207
5400 20.537164548940474
5450 19.21272177127523
5500 17.999742292006694
5550 20.754391016331756
5600 21.74018064881299
5650 22.524501247024382
