0 1.0
50 1.0440898993001755
100 1.202772521042293
150 1.322843988364257
200 1.3535829596369313
250 1.3117674712076237
300 1.502780223117785
350 1.7556034396457811
400 2.1618017620623236
450 3.1193315651457567
500 4.181336470498505
550 3.8900245899752255
600 3.215510511143731
650 3.310433976692464
700 2.943311696133035
750 2.4722858269132355
800 2.4933215994201423
850 2.859739131026036
900 2.980213140604929
950 2.7893557811058147
1000 2.7135971546307296
1050 2.0895476790818126
1100 2.1536555905862156
1150 2.3424982064610766
1200 2.865641864084453
1250 2.9007365090733503
1300 2.836383607698815
1350 3.0992074025063823
1400 3.113591566652846
1450 2.91858378587435
1500 3.531138310809749
1550 3.554905180729168
1600 4.048543735851209
1650 3.8611463096337943
1700 4.2002072247627
1750 3.0984551511073577
1800 3.2228960139822735
1850 2.8661546028975806
1900 2.9581725791684703
1950 2.5478114650399784
2000 2.477777115350768
2050 2.801437532725349
2100 2.782806939848854
2150 3.019284092035517
2200 3.2333987381393188
2250 2.926323019981787
2300 2.851610980427907
2350 2.8195482604682307
2400 3.1094969049474734
2450 3.2530469883512354
2500 3.443736979396605
2550 3.496651926126751
2600 3.811484424338527
2650 3.7348545232576136
2700 3.5750705395146016
2750 3.4648318382382297
2800 3.467456478887028
2850 2.7834209397561223
2900 2.5507311715680663
2950 2.80672548626842
3000 2.533032131296106
3050 2.111379706466941
3100 1.9415076925898642
3150 2.295526824320207
3200 2.7923114875436448
3250 3.1001237046048717
3300 2.7982321227244684
3350 3.1993440108409934
3400 3.6657250823124405
3450 3.7521154603278
3500 3.6600763318534737
3550 3.503440744378025
3600 3.453881468522122
3650 3.6931343904157976
3700 3.6819229513979637
3750 3.8498119503862087
3800 3.6689422467485544
3850 3.4899455872662193
3900 3.455370280093352
3950 3.4933735646541906
4000 3.8234999441234243
4050 3.9855176865905295
4100 3.8367978583130493
4150 4.167236175499288
4200 4.338823082877577
4250 4.341857757442641
4300 4.616353876503902
4350 4.635457512322712
4400 4.9410021153440855
4450 5.106761897628422
4500 5.806026654241741
4550 6.132954740391093
4600 6.324828474000528
4650 6.561730146425296
4700 6.385845978921976
4750 6.371156796647946
4800 6.299471912119254
4850 5.682434006763518
4900 5.546866099567743
4950 5.354660534853953
5000 5.73319922665051
5050 5.408597858135059
5100 6.721858390383453
5150 7.135577464160794
5200 7.2038678779811365
5250 8.14388334106163
5300 7.956631047856158
5350 8.38073293737487
5400 8.632590340391861
5450 8.338283096146204
5500 7.8767654210405045
5550 8.400843746514282
5600 8.474668263027011
5650 8.44815949234377
