0 1.0
50 1.0471114825398615
100 1.2215599223281601
150 1.3609212762426677
200 1.4191230838762257
250 1.3889721898860132
300 1.6123658554140592
350 1.8423446390478302
400 2.172991272128428
450 2.675896955253329
500 3.113379109221783
550 3.101437595036685
600 2.9950997356186817
650 3.0956786150284468
700 2.925488434212019
750 2.6258322017546765
800 2.7641807767350333
850 3.1246337365120618
900 3.3107721927946057
950 3.1704153174502516
1000 3.0894235849522453
1050 2.4854841541394523
1100 2.608628091514223
1150 2.9324929787122396
1200 3.5704837118483614
1250 3.648905134029938
1300 3.6073707161404247
1350 3.828682879217085
1400 3.9216894153740904
1450 3.785135369519085
1500 4.460910699257127
1550 4.628351133665111
1600 5.211876062166525
1650 4.980728351985093
1700 5.566096623249363
1750 4.321393303770856
1800 4.554100818125418
1850 4.143994327684978
1900 4.329443046563881
1950 3.8214580764052037
2000 3.749540411310894
2050 4.359543071832681
2100 4.296936230986331
2150 4.778847300656762
2200 5.149979567249389
2250 4.646621146377204
2300 4.468817215849276
2350 4.3048045332896905
2400 4.794506660795146
2450 5.008075692182767
2500 5.174798000098041
2550 5.165087980859345
2600 5.689520157593207
2650 5.598252238142083
2700 5.344361030624839
2750 5.065758721600288
2800 5.231586957495646
2850 4.30858929397932
2900 4.146127149676714
2950 5.196076547409877
3000 4.623865820251721
3050 4.070397849983823
3100 4.037220844456114
3150 4.760522040090473
3200 6.256996151615281
3250 7.302066379771464
3300 6.804350305125196
3350 7.572118214382006
3400 8.975217889919076
3450 9.204248928020457
3500 9.192189216063037
3550 8.907969812219802
3600 9.084341668658448
3650 10.202352632754826
3700 10.391465142784089
3750 11.515958749837882
3800 11.001494948273889
3850 10.460479902899266
3900 10.633006564015334
3950 10.729331027509174
4000 11.937425411307128
4050 12.439766929757111
4100 12.167049198078788
4150 13.376629815575273
4200 13.804759259956203
4250 13.951202623324871
4300 14.707469708261604
4350 14.387052428267424
4400 15.055904105021048
4450 14.215725966972744
4500 16.256039500498144
4550 18.40558879244855
4600 18.77303538759364
4650 18.78581051181268
4700 19.874523895163964
4750 21.61806459106163
4800 20.97903165223576
4850 19.317219842941263
4900 19.287504487847514
4950 18.374285203152148
5000 19.79357569635284
5050 18.565586610892073
5100 24.136731970779692
5150 26.20145486066738
5200 27.044117801963225
5250 30.724159203106513
5300 29.279678771901125
5350 31.353872164193984
5400 33.33371371434159
5450 31.170800224913116
5500 29.97928958916041
5550 32.2345142127334
5600 32.403440869418056
5650 31.47409538589541
