0 1.0
50 1.0516900577916664
100 1.227342653980267
150 1.3664490929354258
200 1.4268575864039366
250 1.3993280712112282
300 1.6217620456276576
350 1.8424190203325608
400 2.163939156888565
450 2.6653390495132716
500 3.107033364180457
550 3.085989714682235
600 2.9659883909563654
650 3.058971364108092
700 2.887297657505822
750 2.587968317572412
800 2.7252456794787223
850 3.0648896087789166
900 3.2464358343015545
950 3.1138976654310917
1000 3.032605527860099
1050 2.450640514912012
1100 2.5767676863143167
1150 2.870636133383174
1200 3.478710168538187
1250 3.5540956289277563
1300 3.50563330209167
1350 3.7057438570961807
1400 3.7903521896163195
1450 3.6546113521092685
1500 4.308013531785394
1550 4.462131018799862
1600 5.033139186312229
1650 4.801415602655284
1700 5.350171598714675
1750 4.150745869469665
1800 4.369802986049505
1850 3.9945307570978152
1900 4.163874477689495
1950 3.67520627075398
2000 3.6157097566778145
2050 4.154573034198948
2100 4.10903399451099
2150 4.54530179671205
2200 4.8963800131706705
2250 4.420869605073031
2300 4.259411075041672
2350 4.11161873667511
2400 4.560161457409655
2450 4.778651800765281
2500 4.9657380138152565
2550 4.974493843145289
2600 5.487564969597273
2650 5.383857398263482
2700 5.160943778388237
2750 4.9092226797235385
2800 5.058864371320748
2850 4.128639012374522
2900 3.9440487191996403
2950 4.834988648382719
3000 4.299434800567959
3050 3.773271395307461
3100 3.707043516658171
3150 4.364092082701523
3200 5.6773407990670135
3250 6.566764858610796
3300 6.102866967493831
3350 6.817310701254746
3400 8.067506276732582
3450 8.23853052490275
3500 8.227322396274214
3550 7.934793508196696
3600 8.074842996141646
3650 9.037724119329463
3700 9.200495864463633
3750 10.188363485027756
3800 9.705262094841101
3850 9.222066296823977
3900 9.404175438067279
3950 9.481457476568877
4000 10.525244367287122
4050 10.938819659838499
4100 10.686574821123651
4150 11.730021035652207
4200 12.107477282795283
4250 12.24439331826318
4300 12.89156055782155
4350 12.639059104692484
4400 13.243591321478444
4450 12.542888534120644
4500 14.316123039797306
4550 16.145933194684968
4600 16.458661877148746
4650 16.537688052685102
4700 17.398153975119026
4750 18.86579220466743
4800 18.36177347467388
4850 16.916559327256756
4900 16.867860506355907
4950 16.01470950497995
5000 17.2220590778203
5050 16.098716306895675
5100 20.909679423819984
5150 22.642516458779863
5200 23.359143213606593
5250 26.691502932453172
5300 25.433010696950113
5350 27.19117415031037
5400 28.88208796616005
5450 27.052220305668364
5500 26.005170793871848
5550 27.848037635357638
5600 27.94178449995366
5650 27.18637142507819
