100 0.0053660504650788225 0.0050530233211101725 0.005671736092463916
500 0.002379580902370079 0.002229050647201035 0.002521736822320986
900 0.0017475079930415849 0.00163929310922763 0.0018511790232506522
1300 0.0014941578045201743 0.001405346375472492 0.0015795792928093265
1700 0.0013194025034567439 0.001244184689052986 0.0013915945144842077
2100 0.0012089524582183015 0.00114267580052838 0.001273981387781988
2500 0.001108191960566447 0.0010475359040696488 0.001167627575148251
2900 0.0010378126651397145 0.0009814733790559718 0.0010933323302662805
3300 0.0009903357880474079 0.0009366328149647408 0.0010447579334635668
3700 0.0009302260568838968 0.0008799284879952012 0.0009798020766211071
4100 0.0008756664684854406 0.0008276166056987871 0.0009209944013423355
4500 0.0008330643114006169 0.0007889228628894158 0.0008770553855701275
4900 0.0007982911779167942 0.0007560170350012882 0.0008403908001791096
5300 0.0007691775357778394 0.0007295044756290215 0.0008084651944095533
