100 0.011424076401951375 0.01073293172062774 0.012059427560746655
500 0.011174850634242135 0.010746037629720588 0.011570467129587553
900 0.011037084637452607 0.010696034016935987 0.011368747230973076
1300 0.010896019922435066 0.010599584897710219 0.01118094304981861
1700 0.010706501448586293 0.010463532050878738 0.010947025959382036
2100 0.010698767811290042 0.01047229463693122 0.010917907042601545
2500 0.010547619077982318 0.010352218888692285 0.010732789527008782
2900 0.010557902832431592 0.010358982078980651 0.01074690977399523
3300 0.01062551826117762 0.010415697025070588 0.01083175410564942
3700 0.010508778925678149 0.010315569360608474 0.01069511013590354
4100 0.010408474775047877 0.010238169990377643 0.010575010103112459
4500 0.01034438296948093 0.01018454935909111 0.010492992847176513
4900 0.010274181355947756 0.010130990105408254 0.010411691231874031
5300 0.010221760351937564 0.010088679466591269 0.010349906043119375
