100 0.04183368021233158 0.039752776340411446 0.043883177693837795
500 0.031930716380043404 0.030676311825229147 0.033198195583524014
900 0.027815448306396463 0.026745344450255646 0.02884568239019051
1300 0.025934002545289964 0.025062467262011445 0.026757818684978923
1700 0.024102639723121443 0.02340845121798707 0.02477222912054358
2100 0.02280089990172693 0.02215044000520196 0.023420758275857066
2500 0.02125200531080117 0.02069796781174465 0.021806301189357828
2900 0.020081087249034412 0.019556017020981167 0.020598221424307218
3300 0.019266503056076682 0.01877861247734992 0.019752865608974858
3700 0.01812124858400973 0.017657417406169655 0.018567046663265828
4100 0.017152939099646724 0.016720173894788252 0.01757058012632955
4500 0.016428439265720223 0.016016703627229976 0.016830854823035025
4900 0.015851795951529808 0.015465255126831997 0.016244609433328956
5300 0.015372047835449987 0.014978747115840553 0.015765726429972704
