0 1.0
50 1.0744444330757432
100 1.2181878552166356
150 1.3295482343140608
200 1.4440660034812727
250 1.4298905629215521
300 1.5293944912227553
350 1.448338434238259
400 1.6626046626992033
450 1.7119324785360859
500 1.8895398484115102
550 1.8973328250949328
600 2.0025945136678582
650 1.9636876595630626
700 1.977096984328189
750 2.009035789274988
800 2.137741720203508
850 2.3038553567316944
900 2.2413758674200066
950 2.182402313867891
1000 2.131248352598587
1050 1.9942422654364882
1100 2.1491629506410828
1150 2.4222627388048816
1200 2.4800326299051827
1250 2.419023052845988
1300 2.5082505347144224
1350 2.5525437904485915
1400 2.662600086199895
1450 2.7430380103177328
1500 2.88337296610806
1550 3.465585255528348
1600 3.4263699137784562
1650 3.092397227323074
1700 3.3047788427864253
1750 2.814249940190158
1800 2.929320575137142
1850 2.7964647574521937
1900 2.6397969599044715
1950 2.20428507084893
2000 2.258618532960792
2050 2.6854640569912918
2100 3.1399993629972833
2150 3.4330565382939753
2200 3.505253445715293
2250 3.4592560544971365
2300 3.3507087173577075
2350 3.252664713795749
2400 3.490061645256785
2450 3.5920065588258696
2500 3.8330345049980745
2550 3.941925746530399
2600 4.304601559920883
2650 3.7907207285426594
2700 3.4484228027900166
2750 3.171148911305659
2800 3.3166942091017857
2850 2.7104210474902484
2900 3.2768683761204396
2950 3.3666163691573012
3000 3.149166142840957
3050 2.710773712668792
3100 2.929650479294667
3150 3.531824719095285
3200 3.896791048129786
3250 4.200252440202053
3300 3.7406684845106986
3350 3.652114184350995
3400 4.0893714596986275
3450 3.89434729073857
3500 4.445673021535531
3550 4.391522246777443
3600 4.363688626046201
3650 4.5427621794796265
3700 4.341462885877894
3750 4.501042397933515
3800 4.174546645917145
3850 4.190641930527837
3900 3.6233819869722295
3950 3.5098060080007274
4000 4.099031027131315
4050 3.737119697313087
4100 3.17982587984439
4150 3.719039944553373
4200 3.627495869510668
4250 3.4131917205166906
4300 4.335469164130782
4350 4.080751517505117
4400 4.700700259384084
4450 4.686807841507121
4500 5.187172529236506
4550 6.460676366754737
4600 6.676688429031767
4650 7.123901610791262
4700 7.5726353486451865
4750 7.641926830650219
4800 7.332850235592588
4850 7.034309732406448
4900 6.624526670976118
4950 7.236907753399138
5000 7.722340187738649
5050 8.58330514146385
5100 11.144952565439745
5150 12.707740395113735
5200 13.94207694129897
5250 16.123792976372087
5300 14.96054486597367
5350 15.262593474879296
5400 16.578581532772848
5450 16.61649640510796
5500 16.339437074420896
5550 17.492535688727674
5600 18.065172601776176
5650 17.74715040214224
