0 1.0
50 1.0332473652500198
100 1.1587506416738373
150 1.2723638246600806
200 1.3119704735857023
250 1.2624743687674949
300 1.406177594338163
350 1.6139758954821268
400 2.0930477206019535
450 3.0388224665144556
500 4.146070113151524
550 3.8075278621552613
600 3.1500457303186122
650 3.173500088323363
700 2.7597848293639906
750 2.3822627683296633
800 2.3039058017385092
850 2.6628750849240825
900 2.673905146214516
950 2.4595676637369333
1000 2.3782595438590097
1050 1.8446290319314904
1100 1.9553811502537175
1150 2.161344763241079
1200 2.5810398207476424
1250 2.593606634857133
1300 2.629363904765196
1350 2.891677004422636
1400 2.9366171936807035
1450 2.7618032182659085
1500 3.315554609673263
1550 3.895593505338178
1600 4.518568826872963
1650 4.163172485453775
1700 4.6283758009714955
1750 3.3481782025921714
1800 3.4368018669344798
1850 2.7445649096966718
1900 2.6352091043855776
1950 2.1321041336041056
2000 2.1434203638788456
2050 2.513285251473762
2100 2.566577828562416
2150 2.857992693665609
2200 3.02680862665491
2250 2.7895989437069755
2300 2.563661698324247
2350 2.4388872827769115
2400 2.627619254641592
2450 2.550125535572658
2500 2.4775429292592874
2550 2.705585270814297
2600 3.0204463374633246
2650 2.840628053950124
2700 2.8036656597036176
2750 2.7261512917343445
2800 2.842111040975186
2850 2.567541649686566
2900 2.515281261828574
2950 2.588940454358856
3000 2.389933646815765
3050 2.1563820396472457
3100 2.325777071282711
3150 2.4966421452172054
3200 2.6719616354129863
3250 3.1946054367680388
3300 2.8839062092454677
3350 2.8017604089999164
3400 3.117640347234398
3450 3.113470457310415
3500 3.42312589988591
3550 3.3585291750668937
3600 3.495830167686161
3650 3.792426095895445
3700 3.834966840990117
3750 4.22587220275844
3800 3.853448403051149
3850 3.7755980110681677
3900 3.6296143895160524
3950 3.673319884436923
4000 3.9949848280195415
4050 3.9469437176554725
4100 3.9629557860379485
4150 4.3487797380205
4200 4.678663608359487
4250 4.668783987029603
4300 5.307268084717725
4350 5.599700122542953
4400 6.436172859984376
4450 6.744115700528998
4500 7.607347186364912
4550 7.701298101781422
4600 8.987012819038528
4650 9.264218117039526
4700 7.918017446878371
4750 7.419794701837605
4800 7.949785994607397
4850 7.465266581974261
4900 6.610506149752845
4950 6.200845010774285
5000 6.863017149191048
5050 5.970654261502027
5100 7.671835645583001
5150 8.31338213194993
5200 8.113206101386277
5250 9.667794722750886
5300 9.59989917809715
5350 9.564375723821898
5400 9.642229553884924
5450 9.916059794457105
5500 9.920267828392154
5550 9.80734863896289
5600 9.936688041017492
5650 9.59993217419746
